# World with 15 mDOMs
# Inverse beta decay from SN at 10kpc
#
# Time of Flux [s] | Mean energy of nubar | nubar energy | costheta of e+ from z dir | e+ energy | event weigh | Vertex Position (X, Y, Z) [m] | Primary direction (Px,Py,Pz)  |Total hits | PMTs hit |...for PMT hit...| Module number | PMT number | Hits in that PMT |...for Hit... hit time |#
1.43468	14.7477	17.1358	0.259169	15.6273	5.68975e-15		-4.86097	7.58085	12.6457		0.501063	-0.825692	-0.259169		1	1	1		4	3	1	47.7817	
1.19283	14.7083	17.3156	-0.098951	15.6966	5.81613e-15		3.25812	-2.41397	5.9447		-0.0018898	0.995091	0.098951		1	1	1		4	11	1	18.7934	
0.866278	16.8703	17.2645	0.236799	15.746	5.78007e-15		4.33932	5.39662	9.86252		-0.301445	-0.923611	-0.236799		2	1	2		6	5	1	45.7952	6	12	1	46.5253	
0.441577	13.2784	13.9183	-0.0617591	12.4253	3.65215e-15		1.13064	0.405424	-9.82209		-0.153023	-0.986291	0.0617591		3	1	2		11	12	1	5.17321	11	18	2	4.89684	5.10713	
4.64395	12.8678	7.16675	-0.0635103	5.82495	8.06167e-16		-7.29907	11.7943	4.1475		-0.450397	-0.890567	0.0635103		1	1	1		6	6	1	63.9552	
1.57533	14.7513	21.9725	-0.214103	20.0905	9.53536e-15		-5.25317	1.29597	2.91318		0.786109	-0.579821	0.214103		2	1	2		7	1	1	27.1957	7	6	1	26.879	
1.83436	14.7072	11.7855	-0.438544	10.3019	2.53979e-15		2.94894	-1.57242	8.84884		0.45144	0.777098	0.438544		1	1	1		0	22	1	38.3212	
2.70208	14.2901	17.0953	-0.281537	15.4323	5.66152e-15		19.1737	-1.07716	6.16092		-0.925111	0.254767	0.281537		1	1	1		9	19	1	100.719	
1.14976	14.6831	18.4623	0.297371	16.9307	6.65253e-15		11.0495	-12.501	-2.03638		-0.428873	0.853017	-0.297371		1	1	1		8	19	1	75.595	
0.485587	14.6596	21.7257	0.827915	20.3501	9.31703e-15		0.738815	-1.47582	8.87593		-0.379752	-0.412729	-0.827915		3	3	3		5	2	1	19.397	6	10	1	30.3737	8	0	1	50.1981	
0.944601	17.0221	15.3614	-0.00510844	13.8358	4.5133e-15		-3.09196	-9.91034	-5.20902		0.853866	0.520467	0.00510844		1	1	1		8	16	1	47.6271	
0.441071	13.2527	20.4779	0.0464584	18.7845	8.24917e-15		-3.15204	6.33626	8.28887		-0.814558	-0.578218	-0.0464584		2	1	2		5	1	1	35.7722	5	12	1	35.5436	
2.07712	14.605	13.3915	-0.584806	11.8238	3.3595e-15		6.45727	15.1614	-14.7195		-0.750828	-0.307018	0.584806		1	1	1		12	0	1	79.7974	
4.39288	13.1299	20.5244	0.973999	19.2192	8.28794e-15		12.892	-7.37188	13.9097		-0.104858	-0.200827	-0.973999		2	2	2		4	3	1	75.3031	9	3	1	108.448	
0.838065	17.4912	20.8334	-0.628141	18.833	8.54732e-15		1.40561	-1.48726	-2.77273		-0.775246	0.0665795	0.628141		1	1	1		7	23	1	14.7843	
1.39236	14.7547	33.072	-0.652467	29.927	2.16495e-14		8.26656	-12.1783	9.90196		-0.55589	0.515046	0.652467		1	1	1		4	9	1	67.0387	
3.93085	13.4962	13.4844	-0.237894	11.9735	3.41027e-15		5.97239	-1.04465	-6.87409		-0.70872	0.66417	0.237894		2	1	2		8	10	1	34.3216	8	19	1	32.7902	
2.85093	14.2205	13.0174	-0.539814	11.4729	3.15878e-15		5.85059	8.27969	-10.684		-0.791546	0.286454	0.539814		1	1	1		10	12	1	48.0769	
1.2947	14.7468	13.9502	-0.699505	12.3364	3.67027e-15		-8.70413	11.7608	-9.3023		0.645445	-0.306746	0.699505		1	1	1		11	6	1	65.0681	
3.11579	14.0454	21.0571	0.486298	19.535	8.73737e-15		16.4989	8.03454	4.67977		-0.858335	0.163631	-0.486298		2	2	2		5	13	1	86.0258	6	18	1	85.2184	
4.06346	13.3931	18.5606	0.707914	17.1667	6.72674e-15		-2.49447	-2.22586	18.5057		-0.0401604	0.705156	-0.707914		1	1	1		5	2	1	62.136	
0.445315	13.3933	13.868	-0.6093	12.2749	3.62373e-15		2.41284	-8.22475	10.2167		0.461675	0.644678	0.6093		1	1	1		2	8	1	39.5174	
1.25196	14.7287	22.2072	-0.273011	20.283	9.74506e-15		0.605443	-0.213379	-19.2654		-0.789978	0.548999	0.273011		1	1	1		14	21	1	11.2887	
0.435821	13.1162	28.2115	0.566986	26.5668	1.58069e-14		6.66721	-3.96468	-1.49925		0.0239288	-0.82338	-0.566986		1	1	1		11	2	1	50.3532	
8.02328	8.90428	9.38791	0.796431	8.0772	1.52265e-15		6.3939	11.3548	-8.14261		-0.221435	-0.56273	-0.796431		1	1	1		6	19	1	75.4256	
0.721488	16.5906	10.9267	-0.126108	9.50629	2.14676e-15		-17.5647	2.39235	9.00378		0.793499	-0.595362	0.126108		1	1	1		13	1	1	137.001	
3.38058	13.9003	17.9333	0.874995	16.5993	6.26017e-15		3.29552	9.16546	11.798		0.203372	0.439344	-0.874995		1	1	1		11	19	1	106.073	
4.57011	12.9545	36.7623	0.294329	34.4874	2.66087e-14		8.14878	-18.2506	-11.1967		-0.721401	0.626858	-0.294329		1	1	1		12	8	1	89.2581	
1.89782	14.6696	30.9972	-0.425838	28.304	1.90571e-14		1.5334	-4.50577	1.051		-0.0144302	0.904684	0.425838		2	2	2		6	16	1	21.379	7	9	1	21.6393	
0.702797	16.3874	12.8157	-0.991063	11.2084	3.05302e-15		-3.62818	-1.46336	7.64802		0.0494925	0.123874	0.991063		1	1	1		2	13	1	25.6471	
1.90412	14.6683	20.3606	0.978304	19.0574	8.15197e-15		-7.06012	-18.1741	-12.0323		0.203636	-0.0381291	-0.978304		1	1	1		10	23	1	92.2101	
3.21245	14.0114	25.2739	0.764461	23.8275	1.26761e-14		-2.38875	10.8556	5.36001		-0.14211	-0.628812	-0.764461		1	1	1		1	19	1	71.5272	
0.860341	17.4624	37.9928	0.40247	35.8106	2.83581e-14		-15.7905	-4.68341	2.82632		0.912692	-0.0707897	-0.40247		1	1	1		5	4	1	289.632	
1.83612	14.7044	39.7221	0.149081	37.0436	3.08949e-14		6.11833	2.00308	12.9371		-0.583603	-0.798237	-0.149081		3	3	3		1	18	1	30.049	3	20	1	32.383	4	23	1	40.7614	
3.11142	14.0444	6.96045	0.257474	5.63509	7.50832e-16		1.87808	-3.18383	-1.33511		0.145189	0.955315	-0.257474		1	1	1		7	9	1	17.2879	
3.36908	13.9101	19.0642	0.0459685	17.4257	7.11263e-15		-12.6604	0.89395	-7.6727		0.84237	-0.536935	-0.0459685		1	1	1		13	0	1	64.9722	
0.996007	16.5227	29.8624	0.900267	28.4775	1.77007e-14		-13.1602	9.89591	19.9343		-0.421398	-0.109283	-0.900267		1	1	1		3	8	1	91.9652	
1.0174	16.1622	40.7034	-0.939945	36.0928	3.23743e-14		2.76383	-3.19631	-8.32765		-0.293538	-0.174179	0.939945		1	1	1		6	13	1	53.8662	
0.713149	16.4839	14.017	-0.746966	12.391	3.70832e-15		-3.42573	-3.87794	-4.84638		0.428828	0.508083	0.746966		1	1	1		9	21	1	23.3164	
4.31206	13.1966	13.9848	0.301986	12.5587	3.68998e-15		10.1534	-0.427736	15.6957		-0.935137	-0.185267	-0.301986		1	1	1		7	0	1	85.4113	
2.48106	14.3935	16.9065	0.81481	15.5602	5.53054e-15		7.23725	3.98346	4.88858		-0.294131	-0.499571	-0.81481		1	1	1		6	3	1	39.8906	
0.402661	12.3744	4.93035	0.904033	3.63424	3.09503e-16		2.43651	-18.6874	12.298		-0.4125	-0.112111	-0.904033		1	1	1		7	7	1	103.076	
4.4801	13.0457	18.7162	0.308654	17.1818	6.84485e-15		8.24724	-1.00159	1.31504		-0.945089	0.107418	-0.308654		1	1	1		11	4	1	60.9597	
1.10953	14.7463	19.2386	-0.745838	17.3022	7.24856e-15		3.91215	-8.9739	-14.5365		0.644071	0.169996	0.745838		1	1	1		14	8	1	44.5074	
4.2061	13.2915	13.1991	-0.977769	11.5739	3.25555e-15		18.3053	-3.27506	-6.70878		0.135494	0.160026	0.977769		1	1	1		3	12	1	111.601	
0.562209	15.1347	23.6906	0.74805	22.2539	1.1119e-14		4.37156	-1.78203	4.46327		0.44623	-0.491223	-0.74805		1	1	1		8	9	1	37.3068	
0.830058	17.4392	22.7168	0.15082	20.9823	1.02077e-14		-11.7728	-11.4505	14.3205		-0.0810338	0.985234	-0.15082		1	1	1		7	2	1	98.827	
0.378197	11.5755	19.3244	-0.544046	17.4569	7.31587e-15		2.47098	-8.05894	-11.3287		0.364477	0.755758	0.544046		1	1	1		11	2	1	38.0553	
0.448419	13.475	4.69315	-0.270907	3.37749	2.70267e-16		-8.09026	14.2695	11.6193		0.656322	-0.704167	0.270907		1	1	1		8	14	1	97.6248	
9.11951	8.17785	5.68047	-0.121425	4.35661	4.50638e-16		-0.899701	-0.807625	-9.88667		0.807737	0.576902	0.121425		1	1	1		11	16	1	4.957	
0.610585	15.6512	29.6404	0.709547	28.0861	1.74405e-14		6.17744	18.893	10.3832		-0.699598	0.0842914	-0.709547		1	1	1		4	4	1	92.6567	
0.828456	17.467	14.0212	-0.232959	12.4927	3.71073e-15		2.36701	-4.88612	8.05979		-0.971339	-0.0472266	0.232959		1	1	1		3	9	1	25.1404	
1.16345	14.7045	27.2663	-0.903883	24.5353	1.47658e-14		-0.515175	17.971	-3.19012		-0.425546	-0.0436573	0.903883		1	1	1		8	19	1	83.1835	
6.74042	9.81684	9.83942	-0.284653	8.43024	1.69504e-15		2.22835	-1.72907	-0.526055		-0.942865	0.173144	0.284653		1	1	1		3	17	1	47.6977	
0.423725	12.754	14.1178	0.10848	12.6517	3.76607e-15		-3.52936	-4.32047	-11.3059		-0.493157	0.86315	-0.10848		1	1	1		14	3	1	34.5164	
1.43536	14.7476	29.4679	-0.976318	26.4252	1.72396e-14		8.66057	6.66537	-18.4409		-0.216315	0.00328737	0.976318		1	1	1		6	19	1	125.337	
0.495209	14.8581	6.76865	-0.860139	5.40122	7.01109e-16		-5.42993	-0.863343	8.13147		-0.482266	0.166073	0.860139		1	1	1		8	1	1	52.5894	
0.469359	14.1314	20.2417	0.0340101	18.5527	8.05387e-15		0.0212824	2.1328	7.16034		-0.53868	-0.841824	-0.0340101		4	1	2		4	5	2	9.1687	9.07932	4	13	2	8.92641	9.19295	
3.1492	14.0421	15.6789	-0.812689	13.9492	4.71439e-15		1.20726	1.34145	-14.6486		-0.047604	0.58075	0.812689		2	2	2		12	23	1	14.2672	13	10	1	8.2902	
3.16146	14.0372	9.10983	0.441926	7.7733	1.42094e-15		-6.41953	2.29031	-12.9005		0.858466	0.260266	-0.441926		1	1	1		12	20	1	32.6314	
0.48379	14.6004	8.90994	-0.10568	7.53589	1.34995e-15		-6.23117	7.07805	19.5682		0.225761	-0.968434	0.10568		1	1	1		0	13	1	43.5988	
0.374014	11.3466	14.6172	0.17685	13.1523	4.05845e-15		10.6093	-12.3186	-0.781497		-0.170155	0.969418	-0.17685		1	1	1		5	16	1	79.9281	
7.55405	9.19051	13.9065	0.962462	12.6053	3.64552e-15		4.38077	-0.0741971	-8.59191		-0.2691	0.0353718	-0.962462		1	1	1		10	18	1	20.0392	
3.48761	13.8235	15.9288	-0.482971	14.2663	4.87551e-15		-6.06974	-1.77828	-11.6001		0.735243	-0.475559	0.482971		3	2	2		6	23	1	69.9969	10	22	2	33.9026	34.0506	
3.22703	13.9896	21.4059	-0.991667	19.1981	9.03763e-15		4.75196	5.73042	-2.54633		0.0940287	0.0880654	0.991667		2	1	2		4	14	1	54.5263	4	16	1	57.9749	
1.81706	14.7046	4.97726	0.703905	3.67724	3.17571e-16		-0.0269759	1.14184	15.5397		-0.554017	-0.444502	-0.703905		2	1	1		0	12	2	6.99805	7.12076	
1.68062	14.7333	19.569	-0.491296	17.7065	7.50946e-15		15.3287	4.67661	-14.5518		-0.796602	-0.352213	0.491296		1	1	1		13	19	1	78.8037	
9.98217	7.65506	9.51985	0.962071	8.22243	1.5721e-15		-6.31146	-2.09573	16.6173		-0.177145	0.207459	-0.962071		1	1	1		0	1	1	29.9978	
2.12683	14.565	19.7028	0.747541	18.311	7.61632e-15		13.9114	7.89096	7.34171		-0.09134	-0.657906	-0.747541		1	1	1		7	0	1	79.403	
0.597963	15.5104	19.5842	0.326068	18.0327	7.52154e-15		12.7678	0.571842	-0.5707		-0.643589	0.69244	-0.326068		1	1	1		5	13	1	63.3828	
5.23305	12.0717	10.1859	0.168296	8.8115	1.83339e-15		-2.48052	-5.92945	-0.166928		-0.575276	-0.800459	-0.168296		1	1	1		7	2	1	29.6943	
1.11597	14.6922	13.9566	0.0621603	12.4858	3.67391e-15		4.83292	11.6928	3.10726		-0.883023	-0.465195	-0.0621603		1	1	1		5	4	1	61.2409	
6.67521	9.87744	8.24221	0.6001	6.9236	1.12562e-15		5.4623	12.7715	-0.303385		-0.768578	-0.221737	-0.6001		1	1	1		13	3	1	92.301	
4.5009	13.0204	15.7303	-0.175299	14.1517	4.74728e-15		0.209649	-7.85716	12.8674		-0.215078	0.960735	0.175299		1	1	1		4	11	1	43.1532	
0.810452	17.2573	17.8178	-0.604266	16.0204	6.17595e-15		-16.6465	3.50924	-1.41302		0.792321	-0.0842066	0.604266		2	2	2		5	15	1	82.5292	9	8	1	77.8076	
1.82547	14.7092	17.242	-0.316814	15.5621	5.76428e-15		-18.2638	4.18025	-16.9104		0.503465	-0.803836	0.316814		1	1	1		7	15	1	113.922	
0.530537	15.6326	15.6293	0.172129	14.1375	4.6827e-15		-2.73602	-4.89899	1.66341		-0.0376141	0.984356	-0.172129		2	1	1		8	3	2	31.0154	30.5314	
4.26292	13.2241	10.2654	0.284948	8.90104	1.86586e-15		-8.30833	-1.20144	14.0786		0.713384	-0.640225	-0.284948		1	1	1		6	0	1	64.0681	
0.584792	15.3331	4.45834	-0.14503	3.14705	2.33988e-16		7.47217	-6.11267	-0.932289		-0.321534	0.935725	0.14503		1	1	1		7	23	1	44.612	
3.11499	14.0452	18.2764	-0.719578	16.4136	6.51342e-15		3.25982	-11.7763	14.9207		0.164992	0.674526	0.719578		1	1	1		0	22	1	58.2691	
0.999691	16.4673	27.993	-0.791407	25.272	1.55635e-14		7.21287	0.932213	3.40354		-0.59476	-0.141196	0.791407		1	1	1		7	3	1	35.0444	
0.657053	16.0344	23.0249	0.0586863	21.2288	1.04922e-14		-4.57521	-6.38128	-11.1795		0.691502	0.719987	-0.0586863		2	1	2		11	8	1	34.8411	11	16	1	35.7663	
1.06405	15.4906	9.0318	0.0947599	7.67026	1.39302e-15		-4.45476	-14.0615	-15.089		0.888081	-0.449814	-0.0947599		1	1	1		3	15	1	128.083	
1.69268	14.7428	38.2774	0.592643	36.3686	2.87693e-14		-7.42744	-12.8698	-0.82233		-0.306351	-0.744932	-0.592643		1	1	1		9	15	1	112.816	
3.04623	14.0948	26.3408	-0.669417	23.8729	1.37772e-14		-14.121	7.6048	9.09594		0.475681	0.570621	0.669417		1	1	1		5	6	1	75.3381	
0.901225	16.8441	17.5057	-0.428341	15.7797	5.95118e-15		-6.52735	5.66574	17.2341		-0.181502	-0.885201	0.428341		1	1	1		0	13	1	38.1994	
0.966375	17.3253	18.5197	-0.514878	16.7106	6.69578e-15		6.89926	9.42136	6.1544		0.629313	-0.582122	0.514878		1	1	1		1	19	1	65.1759	
0.443239	13.3125	10.1731	-0.944902	8.69186	1.82817e-15		8.81287	0.331753	-5.66157		0.327332	-0.00380469	0.944902		1	1	1		1	18	1	103.905	
0.411112	12.4842	20.9343	-0.404476	19.0248	8.6328e-15		-1.23329	-10.1163	2.55076		-0.901127	0.156104	0.404476		1	1	1		5	8	1	47.3669	
0.418413	12.6333	13.1181	-0.361995	11.5989	3.21225e-15		-4.1338	14.9971	-11.2046		-0.452305	-0.815095	0.361995		1	1	1		7	13	1	86.2097	
6.51182	10.0249	11.6227	0.488688	10.2631	2.46284e-15		10.3039	-7.01456	-7.72401		-0.632802	-0.600622	-0.488688		1	1	1		10	20	1	149.067	
0.441491	13.2737	11.6094	0.678479	10.2741	2.45659e-15		15.4994	2.40069	-15.5893		-0.581087	-0.449449	-0.678479		1	1	1		13	11	1	72.1948	
1.9376	14.659	15.8431	0.50691	14.4278	4.81995e-15		6.17237	-9.58582	2.86755		-0.861198	0.0371637	-0.50691		1	1	1		12	9	1	84.4425	
0.4438	13.3366	21.0446	0.226126	19.4077	8.72674e-15		-10.2358	0.994042	-6.14893		0.721777	-0.654144	-0.226126		1	1	1		14	7	1	67.4128	
0.862822	17.3242	10.8831	0.131669	9.4924	2.12766e-15		-1.95575	-13.3573	6.76975		0.229085	0.96446	-0.131669		1	1	1		10	9	1	88.3158	
4.2664	13.2223	11.6023	0.1036	10.194	2.4533e-15		-10.2195	-10.794	5.09773		-0.428008	-0.897817	-0.1036		1	1	1		6	14	1	69.3949	
3.6612	13.7066	13.3175	0.669822	11.9669	3.31931e-15		14.9388	6.55088	10.7445		0.719849	0.182088	-0.669822		1	1	1		1	11	1	77.0041	
0.451538	13.5706	23.1713	-0.20849	21.2243	1.06286e-14		-4.86104	-8.21833	7.27339		-0.251704	0.94508	0.20849		1	1	1		5	7	1	43.9875	
5.68969	11.2892	21.1134	0.821893	19.7398	8.78555e-15		-0.0943875	-2.93447	-10.1568		-0.410755	0.39468	-0.821893		3	2	3		12	2	1	14.9422	12	3	1	15.157	13	8	1	22.8158	
1.85461	14.6887	15.8204	-0.743904	14.0993	4.80532e-15		2.93415	8.67829	-10.3955		-0.495873	-0.448015	0.743904		1	1	1		11	21	1	41.5287	
6.12443	10.5484	9.0061	-0.306943	7.6153	1.38388e-15		4.12119	-2.35841	12.9569		-0.854536	-0.418991	0.306943		1	1	1		1	10	1	22.2533	
0.704639	16.4112	12.4157	0.860701	11.1009	2.84834e-15		-7.17303	4.63593	-2.10724		-0.00296483	-0.509102	-0.860701		1	1	1		13	4	1	69.0322	
0.382194	11.7063	20.6599	-0.134458	18.8821	8.40124e-15		-9.92252	-1.88776	4.62668		0.390091	0.910906	0.134458		1	1	1		5	2	1	45.4545	
1.39096	14.7548	38.5881	-0.318608	35.2715	2.92211e-14		3.32299	8.69127	-11.693		-0.848262	0.423013	0.318608		1	1	1		12	12	1	41.3679	
5.98609	10.8236	17.6213	-0.372385	15.9064	6.03396e-15		-11.3101	-3.87036	-0.789018		0.887298	0.272089	0.372385		2	2	2		0	22	1	96.0293	9	16	1	56.4889	
0.991769	16.5789	29.7554	-0.688829	26.937	1.75751e-14		-2.703	12.8386	2.00993		0.00129202	-0.724923	0.688829		1	1	1		4	4	1	71.9875	
4.79282	12.6808	21.7433	0.872394	20.3886	9.33254e-15		-1.98938	-2.88927	-15.4645		0.482422	0.0787232	-0.872394		2	1	2		14	2	1	16.1555	14	7	1	16.6324	
2.06866	14.611	10.6741	-0.334023	9.23765	2.0372e-15		-15.2504	10.8183	-10.7059		0.777532	-0.532797	0.334023		1	1	1		13	7	1	86.2471	
0.820219	17.3851	34.2606	-0.0703221	31.678	2.31989e-14		4.54731	6.87207	3.04608		-0.501219	-0.862458	0.0703221		1	1	1		5	4	1	37.5755	
1.35302	14.7532	21.6262	-0.231888	19.7548	9.2297e-15		1.2301	-1.38095	3.91909		0.968571	-0.0899903	0.231888		1	1	1		5	9	1	9.2083	
1.45553	14.7515	30.1488	-0.108865	27.8266	1.80389e-14		-18.4996	5.09824	12.6855		0.927321	0.358083	0.108865		1	1	1		4	2	1	93.8458	
0.722438	16.5926	21.3273	0.879929	19.9784	8.96958e-15		-0.274913	-0.660219	-15.4256		0.0736636	0.469361	-0.879929		1	1	1		14	3	1	6.40798	
1.257	14.7324	30.9117	-0.501484	28.1526	1.89534e-14		-3.52318	-4.34982	-11.1369		-0.0423126	0.864131	0.501484		1	1	1		9	15	1	37.941	
5.01099	12.391	40.8198	0.899074	39.352	3.25518e-14		5.7779	-7.46779	0.573564		-0.263178	-0.349861	-0.899074		1	1	1		12	9	1	70.1502	
0.629115	15.7617	32.325	0.661019	30.6685	2.06997e-14		4.61452	9.39319	-3.32238		-0.745574	-0.0846985	-0.661019		1	1	1		12	10	1	60.5009	
2.00912	14.6462	6.08393	-0.186344	4.75301	5.37212e-16		-3.56641	-10.7358	3.81984		0.871035	0.454504	0.186344		1	1	1		4	16	1	53.141	
1.80192	14.6997	12.1191	0.510997	10.7566	2.70102e-15		-9.03328	-15.3394	16.4726		0.297959	0.806289	-0.510997		1	1	1		2	8	1	81.7347	
0.898708	16.8571	14.0274	0.973208	12.7281	3.71425e-15		5.46908	14.4289	6.38499		-0.133945	-0.18688	-0.973208		1	1	1		8	4	1	78.1188	
3.75739	13.6509	16.4834	-0.383162	14.8202	5.24228e-15		4.36957	0.164024	-7.03013		-0.888984	0.250787	0.383162		1	1	1		13	0	1	39.3069	
3.18022	14.0259	33.4635	0.806927	31.9478	2.21549e-14		1.20347	-0.0913393	17.5547		-0.429416	0.40555	-0.806927		18	4	8		0	0	2	5.76831	5.76764	0	3	5	5.72484	5.95738	5.82243	5.92237	5.84622	0	9	2	6.01464	6.13556	0	10	5	5.76715	5.62728	5.67949	5.78387	5.91437	0	11	1	5.78383	1	11	1	15.1257	2	0	1	24.6897	3	3	1	36.817	
3.23603	13.9733	13.6334	0.417005	12.2347	3.49247e-15		-5.20504	-8.69199	15.9603		0.834729	0.359631	-0.417005		1	1	1		2	14	1	49.9616	
4.95273	12.4653	16.4309	-0.192201	14.8207	5.207e-15		2.27572	-14.0434	7.25741		-0.979755	-0.0560295	0.192201		1	1	1		5	3	1	64.7955	
2.19883	14.564	36.9295	-0.19221	33.9632	2.68437e-14		-3.75138	6.68209	-9.45675		0.0418956	-0.980459	0.19221		1	1	1		12	21	1	37.267	
0.75823	16.8916	13.5048	-0.834261	11.8885	3.42149e-15		-4.70041	11.4428	9.40713		0.469751	0.288691	0.834261		1	1	1		2	5	1	56.3221	
3.15353	14.0408	20.8943	-0.125027	19.1092	8.5989e-15		-5.42937	-3.37246	0.0529897		0.0714027	0.989581	0.125027		1	1	1		8	5	1	31.2488	
5.85649	11.0337	15.3002	-0.644778	13.6305	4.47506e-15		15.5272	5.03575	17.9238		-0.740664	-0.188887	0.644778		1	1	1		0	0	1	74.3501	
1.18622	14.7135	21.6396	-0.459512	19.6607	9.24141e-15		-8.21407	9.66133	-9.0872		0.00124402	-0.88817	0.459512		1	1	1		11	13	1	57.7895	
0.438595	13.1481	29.8531	0.906273	28.4737	1.76897e-14		-1.59261	13.5068	17.0296		0.0781017	-0.415415	-0.906273		1	1	1		7	5	1	97.9155	
0.869234	16.6882	9.57044	-0.760978	8.12779	1.59126e-15		4.98088	0.696496	-6.46657		0.513242	0.396857	0.760978		1	1	1		7	19	1	37.0061	
3.03281	14.1	17.6058	0.270074	16.0883	6.02285e-15		-9.23096	5.88628	18.6151		0.902413	0.335724	-0.270074		1	1	1		2	6	1	56.8227	
2.90432	14.1969	10.7884	-0.722976	9.30634	2.08645e-15		-0.818187	-0.871801	-7.41906		0.457116	0.518026	0.722976		2	1	2		10	15	1	4.94068	10	22	1	4.91034	
3.22979	13.9846	20.3906	-0.980778	18.2745	8.17673e-15		-5.69161	2.75543	12.0284		0.174092	-0.0881289	0.980778		1	1	1		0	14	1	35.7885	
0.692531	16.3189	21.7809	0.911518	20.4446	9.3657e-15		-4.96275	2.0495	-0.597583		0.233812	0.33833	-0.911518		1	1	1		10	0	1	38.1556	
3.36859	13.9103	12.6997	0.857788	11.3835	2.99295e-15		-15.6215	3.88591	14.7822		0.153118	0.490668	-0.857788		1	1	1		12	5	1	140.772	
2.22	14.5439	12.7178	-0.176289	11.2416	3.00231e-15		2.23534	0.360478	-3.04929		-0.600075	-0.780277	0.176289		1	1	1		8	10	1	10.1017	
4.16876	13.3286	14.1423	-0.735426	12.5122	3.78013e-15		-0.195351	-1.06876	-6.74379		-0.480844	0.477428	0.735426		2	1	2		9	22	1	9.39605	9	23	1	9.47987	
0.437406	13.1231	15.8277	0.0127503	14.2915	4.80999e-15		-5.61504	-8.24441	9.49544		0.901393	0.432815	-0.0127503		1	1	1		2	15	1	45.5811	
1.38139	14.7518	26.4007	0.786549	24.9557	1.38403e-14		12.3275	9.98763	0.890875		-0.590714	0.179995	-0.786549		1	1	1		11	0	1	86.9201	
0.384986	11.7817	18.2268	0.222866	16.677	6.47646e-15		-12.5482	2.6905	4.81432		0.143428	0.96424	-0.222866		1	1	1		3	21	1	102.459	
0.501253	15.0749	35.9063	0.0339004	33.3325	2.54196e-14		-3.77716	4.79211	-6.06135		0.568284	-0.822134	-0.0339004		2	2	2		8	13	1	31.1064	11	7	1	31.8867	
